4294967278,15
4294967278,14
4294967278,13
4294967278,12
4294967278,11
4294967278,10
4294967278,9
4294967278,8
4294967278,7
4294967278,6
4294967278,5
4294967278,4
4294967279,132
4294967279,131
4294967279,130
4294967279,129
4294967279,128
4294967279,127
4294967279,126
4294967279,125
4294967279,124
4294967279,123
4294967279,122
4294967279,121
4294967279,120
4294967279,119
4294967279,118
4294967279,117
4294967279,116
4294967279,115
4294967279,114
4294967279,113
4294967279,112
4294967279,111
4294967294,30
4294967294,942
4294967294,941
4294967294,939
4294967294,938
4294967294,933
4294967294,922
4294967294,128
4294967294,830
4294967294,829
4294967294,828
4294967294,827
4294967294,60
4294967279,146
4294967278,146
4294967279,145
4294967278,145
4294967294,12
4294967278,372
4294967278,62
4294967278,61
4294967278,59
4294967278,57
4294967278,56
4294967278,55
4294967278,52
4294967278,50
4294967278,49
4294967278,48
4294967278,47
4294967278,46
4294967278,45
4294967278,44
4294967278,43
4294967278,42
4294967278,41
4294967278,40
4294967278,39
4294967278,38
4294967278,37
4294967278,36
4294967278,35
4294967278,34
4294967278,33
4294967278,32
4294967278,28
4294967278,27
4294967278,26
4294967278,22
4294967278,20
4294967278,19
4294967278,18
4294967278,17
4294967279,89
4294967279,86
4294967279,85
4294967279,84
4294967279,83
4294967279,81
4294967279,78
4294967279,75
4294967279,74
4294967279,71
4294967279,69
4294967279,68
4294967279,65
4294967279,63
4294967279,61
4294967278,31
4294967278,30
4294967279,141
4294967278,402
4294967278,29
4294967278,25
4294967278,137
4294967294,1418
4294967279,285
4294967278,401
4294967278,24
4294967279,284
4294967278,23
4294967278,306
4294967279,133
4294967279,283
4294967278,21
4294967278,379
4294967279,271
4294967278,288
4294967279,282
4294967278,287
158,5
4294967279,279
158,4
158,3
158,2
158,1
4294967278,400
4294967278,16
4294967279,280
4294967279,263
4294967278,266
4294967279,259
4294967279,258
4294967279,323
156,6
4294967279,296
4294967278,395
4294967279,330
4294967278,279
4294967279,253
156,5
156,4
156,3
156,2
156,1
4294967279,252
4294967278,362
4294967278,250
154,6
4294967278,248
4294967278,246
154,5
4294967278,242
154,4
4294967278,240
154,3
154,2
154,1
4294967278,239
4294967278,238
4294967279,237
4294967278,234
4294967294,162
4294967294,898
4294967294,966
4294967294,902
4294967294,907
4294967294,962
4294967279,236
4294967278,361
4294967278,235
153,5
4294967278,232
153,4
153,3
153,2
153,1
4294967279,228
4294967294,395
4294967294,414
4294967294,160
4294967279,224
4294967278,223
4294967279,220
4294967278,219
4294967278,214
4294967279,520
152,5
4294967278,213
152,4
152,3
152,2
152,1
4294967279,295
4294967278,212
4294967278,360
4294967279,208
151,5
4294967278,206
4294967279,206
151,4
4294967278,205
151,3
151,2
151,1
4294967279,205
4294967278,204
4294967279,204
4294967278,325
4294967279,200
4294967279,514
4294967278,198
4294967278,195
149,4
4294967278,194
149,3
149,2
149,1
4294967278,193
4294967279,317
4294967278,399
4294967279,546
4294967279,545
4294967278,292
4294967278,316
4294967278,315
4294967278,60
4294967278,58
4294967278,54
4294967278,384
4294967278,53
4294967278,382
4294967278,51
4294967279,56
4294967279,55
4294967279,306
4294967279,51
4294967279,48
4294967279,45
4294967279,44
4294967279,43
4294967279,42
4294967279,40
4294967279,537
4294967279,288
4294967279,33
4294967279,31
4294967279,25
4294967279,24
4294967279,23
4294967279,22
4294967279,268
4294967279,17
4294967279,15
4294967279,12
4294967279,10
4294967279,9
4294967278,314
4294967279,59
4294967278,312
4294967278,398
4294967278,352
4294967279,177
4294967279,329
4294967279,175
4294967278,173
4294967279,173
148,5
4294967278,172
148,4
148,3
148,2
148,1
4294967278,167
4294967279,167
4294967279,54
4294967278,369
146,6
4294967278,349
4294967279,50
4294967279,292
4294967278,300
4294967279,49
4294967279,541
4294967279,47
4294967278,153
146,5
146,4
146,3
146,2
146,1
4294967278,309
4294967278,152
4294967279,540
4294967279,35
4294967294,114
4294967278,148
4294967279,36
4294967278,147
144,6
4294967278,144
144,5
4294967279,29
4294967278,143
4294967278,142
144,4
144,3
144,2
144,1
4294967278,140
4294967279,26
4294967294,120
4294967294,396
4294967294,384
4294967294,406
4294967294,403
4294967294,398
4294967294,189
4294967294,397
4294967278,139
4294967279,137
4294967278,138
143,5
143,4
4294967278,135
143,3
143,2
143,1
4294967278,289
4294967279,134
4294967279,20
4294967279,269
4294967279,18
4294967278,274
142,5
142,4
142,3
142,2
142,1
4294967278,305
4294967279,264
4294967279,13
4294967279,276
4294967278,282
4294967279,262
4294967279,261
4294967279,273
4294967278,347
4294967278,280
4294967279,275
141,5
141,4
141,3
141,2
141,1
4294967279,575
4294967279,255
4294967278,261
4294967278,278
4294967279,326
4294967278,258
4294967279,531
4294967278,365
4294967279,529
4294967278,337
4294967278,334
4294967279,566
4294967278,332
139,4
139,3
139,2
139,1
4294967279,554
4294967278,254
4294967278,331
4294967294,468
4294967279,553
4294967278,252
4294967278,251
4294967279,321
4294967278,249
